70.0 0.0
69.9423166659188 32.56411572247861
69.76762323964041 34.87259468339993
69.47077015392198 36.26552999297171
69.04237843175163 37.25144722838261
68.46738048370453 37.99602244687335
67.72228621373375 38.574570728004915
66.76993850965742 39.02755156791904
65.54867509971305 39.378924738711845
63.9470191965646 39.643702849834554
61.732019007292095 39.83151337526692
58.26413545527193 39.94842894258711
49.623000025308926 39.99794438612853
-55.377783101194915 39.98147791522974
-60.233086982040845 39.89856187921211
-62.93987489024807 39.74678066431633
-64.80564033430535 39.5214373352788
-66.19824824289377 39.214844733332285
-67.27510848576978 38.814989856524505
-68.11800922659653 38.30300071287443
-68.77443107483178 37.64802933895255
-69.27380097154996 36.79572232881769
-69.63494095140152 35.6373966293434
-69.86983014619422 33.89997619114901
-69.98560441089103 30.38964650444459
-69.98560445904923 -30.38964143117131
-69.86983029203506 -33.899974325482404
-69.63494119920493 -35.6373954789403
-69.27380132910646 -36.7957215098895
-68.7744315546447 -37.64802871905278
-68.1180098481278 -38.30300023064255
-67.27510927972796 -38.81498947870845
-66.19824926002978 -39.21484444014703
-64.80564166569312 -39.52143711429261
-62.939876723318704 -39.74678050754278
-60.23308981049271 -39.89856178160808
-55.37778925382336 -39.98147787389093
49.62298344002967 -39.997944399875976
58.26413159268755 -39.94842901180959
61.73201677800303 -39.8315135019723
63.947017648275704 -39.643703037924965
65.54867394078657 -39.378924994568095
66.76993761227641 -39.02755190149869
67.72228551079236 -38.5745711549163
68.4673799360325 -37.99602299253753
69.0423780149951 -37.251447937308164
69.47076985247294 -36.26553095304945
69.76762304355292 -34.87259610872009
69.94231656926353 -32.56411842941437
69.99999999999996 -8.036578644363484
