10.0 0.0
9.967078815702186 13.177664522842992
9.867873029413195 17.33078912087718
9.700995294414009 20.27017062081806
9.463914664112043 22.565963891004074
9.15256220895347 24.424958342370715
8.760608717047576 25.946913051461475
8.27812052223859 27.18732722505453
7.688887591819496 28.17972189478358
6.964485858799922 28.945305541729162
6.048528967143923 29.49772478825927
4.799688653052913 29.845585772745547
2.5254565810264156 29.993833633743495
-3.9169687235750557 29.944472328883954
-5.482117331431468 29.696841272203105
-6.5359894295142364 29.24752510141536
-7.346137698126918 28.589872117920045
-7.9982288931788545 27.71298384823108
-8.53150141235086 26.59985060242895
-8.967174645407146 25.22391438516061
-9.317853237432024 23.542375505915743
-9.591442111944465 21.481797628592545
-9.793021017610434 18.90188740325832
-9.925824449188612 15.476717741041227
-9.991776486279472 9.995024955746478
-9.991776513781467 -9.995018281436488
-9.925824532062189 -15.4767143340308
-9.793021157008504 -18.901884962587467
-9.591442309969255 -21.481795716190998
-9.317853497460431 -23.542373955352506
-8.96717497268503 -25.223913114891946
-8.531501815094497 -26.599849566762003
-7.998229384749988 -27.712983019459433
-7.346138301812532 -28.589871478472975
-6.535990190934933 -29.247524639970365
-5.482118361158274 -29.696840981613054
-3.916970464320593 -29.944472205039744
2.525453204738677 -29.99383367497947
4.799687380283618 -29.845585979610807
6.04852809343728 -29.497725163592275
6.964485184301823 -28.945306091055716
7.688887048049228 -28.179722627150774
8.278120077210287 -27.187328154566
8.760608353315348 -25.94691420009723
9.152561916107318 -24.42495974544655
9.463914435606108 -22.565965608799228
9.700995126034954 -20.2701727673126
9.867872918475397 -17.330791954268257
9.967078760607034 -13.177668904487632
9.999999999999977 -0.04888392682650532
