6.0 0.0
5.960559607105157 5.788361409219826
5.84249508747722 10.011875051743832
5.646558582134564 13.695993899902522
5.373940846175698 16.974090877669987
5.026163699325792 19.88595300088483
4.604895905592599 22.44140989667006
4.111636762842462 24.638358721406373
3.5471395439781483 26.4698908689115
2.910243796645445 27.92769043013523
2.195082159982748 29.003858922796173
1.3822206699746928 29.691966337277048
0.38267585655897807 29.987668534956082
-0.9205586388879121 29.889047435176558
-1.8032166261348768 29.396746051547524
-2.56314946936331 28.51392415193072
-3.2379443447904865 27.246026257300727
-3.8382999256608628 25.600315792410555
-4.367190980936682 23.585068402384657
-4.824613267273967 21.208195230330414
-5.209343337259346 18.474781482051387
-5.519745707206902 15.382254311860141
-5.754195639081582 11.909378246848522
-5.911319459766625 7.9842930678620085
-5.99013584110604 3.3300174621998293
-5.990135874081295 -3.3300130148749867
-5.9113195584772535 -7.98428955257315
-5.7541958028969695 -11.90937517129634
-5.5197459351281015 -15.38225157307206
-5.209343628008135 -18.47477904845533
-4.824613619444927 -21.20819309425393
-4.367191393257642 -23.585066565812294
-3.83830039746469 -25.600314261228228
-3.2379448769614267 -27.246025038520084
-2.563150066559859 -28.513923252189116
-1.8032173035449204 -29.396745476240422
-0.920559457101593 -29.889047187946588
0.3826748333594911 -29.98766861741108
1.3822199369072292 -29.69196674887804
2.195081525826001 -29.00385966089416
2.9102432329415757 -27.927691490163568
3.54713904225955 -26.469892244771778
4.111636320762722 -24.638360406135238
4.60489552321072 -22.441411883573572
5.026163377690684 -19.885955285556147
5.3739405866684224 -16.974093461916986
5.646558386121237 -13.695996800556717
5.842494956110809 -10.01187832540431
5.96055954120863 -5.788365258543342
5.999999999999972 -7.965461006597086e-05
