12.0 0.0
11.980231005540396 16.569088012296543
11.920460210224688 19.001529061760827
11.819235687622179 20.54982290111141
11.673918415134374 21.68234875951523
11.480282915021299 22.55777690286412
11.231774816362956 23.24996104452896
10.918101278163512 23.799215334165314
10.522356262843449 24.229683024642686
10.014419422348901 24.556612119468436
9.332674703795933 24.78983527756356
8.313574237592514 24.935577734077043
6.030470526151371 24.997430548684854
-7.5102829253950745 24.9768527544688
-8.884958614006772 24.873363125458084
-9.701455962122644 24.684477705894853
-10.28515351625962 24.405375141349513
-10.731938131659888 24.028188241552478
-11.083935236992879 23.540678711907816
-11.363420035089037 22.923747868913424
-11.583483354286013 22.146470517291117
-11.752308982153263 21.155080964053955
-11.875163268502469 19.844125601830257
-11.955411831815583 17.95638102750734
-11.995064876957706 14.430165854142205
-11.995064893465692 -14.430161036174436
-11.955411881725176 -17.95637905106822
-11.875163353020557 -19.844124320662416
-11.752309103472273 -21.155080022396017
-11.583483515913088 -22.146469787978486
-11.36342024245625 -22.923747291696927
-11.083935498610625 -23.54067825362887
-10.731938461452332 -24.028187882264547
-10.285153938862582 -24.405374868421646
-9.701456527216056 -24.68447751116848
-8.884959448454403 -24.873363003762453
-7.510284594222549 -24.976852702819226
6.030466495076226 -24.997430565868278
8.313573135306148 -24.93557782049359
9.332674029746075 -24.78983543527815
10.014418937409511 -24.55661235248721
10.52235589076462 -24.229683339497193
10.918100984687223 -23.799215741002723
11.231774583196593 -23.249961559151565
11.48028273135925 -22.557777550772514
11.673918274201167 -21.68234958478095
11.819235585049626 -20.549823989165436
11.920460143217866 -19.001530615029992
11.980230972428757 -16.56909076695195
11.999999999999986 -1.009165567297488
