8.0 0.0
7.986820670360265 19.882905614755852
7.946973473483125 22.80183487411299
7.879490458414786 24.65978748133369
7.7826122767562484 26.01881851141827
7.653521943347533 27.069332283436943
7.487849877575304 27.89995325343475
7.278734185442341 28.559058400998374
7.014904175228965 29.07561962957122
6.676279614899267 29.467934543362126
6.221783135863955 29.747802333076272
5.542382825061676 29.922693280892453
4.0203136841009135 29.996916658421824
-5.006855283596717 29.97222330536256
-5.9233057426711815 29.848035750549702
-6.467637308081763 29.621373247073823
-6.856769010839746 29.286450169619417
-7.154625421106592 28.833825889862975
-7.389290157995252 28.248814454289377
-7.575613356726024 27.50849744269611
-7.722322236190675 26.57576462074934
-7.8348726547688425 25.386097156864746
-7.916775512334979 23.81295072219631
-7.970274554543722 21.547657233008806
-7.996709917971804 17.316199024970647
-7.996709928977128 -17.316193243409323
-7.9702745878167836 -21.547654861281867
-7.916775568680372 -23.8129491847949
-7.834872735648182 -25.38609602687522
-7.722322343942058 -26.575763745574186
-7.575613494970833 -27.508496750036315
-7.389290332407083 -28.24881390435464
-7.154625640968221 -28.83382545871746
-6.856769292575054 -29.286449842105977
-6.467637684810704 -29.621373013402177
-5.923306298969601 -29.848035604514944
-5.006856396148366 -29.97222324338307
4.020310996717484 -29.996916679041934
5.542382090204099 -29.922693384592307
6.2217826864973835 -29.74780252233378
6.676279291606341 -29.46793482298465
7.014903927176413 -29.075620007396633
7.2787339897914825 -28.559058889203264
7.487849722131062 -27.89995387098188
7.653521820906167 -27.06933306092702
7.782612182800778 -26.018819501737138
7.879490390033084 -24.659788786998522
7.946973428811911 -22.801836738035988
7.986820648285838 -19.882908920342338
7.999999999999991 -1.2109986807569857
