40.0 0.0
39.934103351801326 3.3138176024593085
39.734867367415625 3.8003058123521654
39.39745229207393 4.1099645802222815
38.91306138378124 4.336469751903046
38.26760971673767 4.5115553805728235
37.439249387876515 4.6499922089057915
36.3936709272117 4.759843066833063
35.074520876144824 4.845936604928537
33.38139807449633 4.9113224238936874
31.108915679319775 4.957967055512712
27.71191412530838 4.987115546815409
20.101568420504567 4.999486109736971
-25.034276417983584 4.99537055089376
-29.61652871335591 4.974672625091617
-32.33818654040881 4.936895541178971
-34.28384505419873 4.881075028269903
-35.77312710553296 4.805637648310496
-36.94645078997626 4.708135742381563
-37.878066783630125 4.584749573782685
-38.611611180953375 4.429294103458224
-39.174363273844214 4.231016192810791
-39.583877561674896 3.968825120366051
-39.85137277271861 3.591276205501468
-39.983549589859024 2.886033170828441
-39.98354964488564 -2.886032207234887
-39.851372939083916 -3.591275810213644
-39.58387784340186 -3.968824864132483
-39.17436367824091 -4.231016004479203
-38.61161171971029 -4.429293957595697
-37.87806747485416 -4.5847494583393855
-36.946451662035415 -4.708135650725774
-35.77312820484111 -4.805637576452909
-34.28384646287527 -4.8810749736843295
-32.33818842405352 -4.936895502233696
-29.616531494848005 -4.97467260075249
-25.034281980741827 -4.995370540563845
20.10155498358742 -4.999486113173655
27.711910451020497 -4.987115564098718
31.10891343248692 -4.95796708705563
33.3813964580317 -4.911322470497442
35.07451963588207 -4.845936667899439
36.39366994895741 -4.759843148200544
37.43924861065531 -4.649992311830314
38.267609104530834 -4.511555510154503
38.91306091400389 -4.33646991695619
39.39745195016542 -4.109964797833087
39.73486714405956 -3.8003061230059982
39.93410324142919 -3.3138181533903897
39.99999999999996 -0.20183311345949762
