25.0 0.0
24.83566502960482 0.9647269015366378
24.343729531155084 1.6686458419573054
23.527327425560685 2.2826656499837537
22.39142019239874 2.8290151462783313
20.9423487471908 3.314325500147471
19.1870662733025 3.740234982778343
17.131819845176928 4.1063931202343955
14.779748099908952 4.411648478151917
12.12601581935602 4.6546150716892045
9.146175666594784 4.833976487132696
5.75925279156122 4.948661056212841
1.5944827356624085 4.997944755826014
-3.8356609953663003 4.98150790586276
-7.51340260889532 4.899457675257921
-10.679789455680458 4.752320691988453
-13.491434769960362 4.5410043762167875
-15.992916356920261 4.266719298735093
-18.196629087236175 3.930844733730776
-20.102555280308195 3.534699205055069
-21.70559723858061 3.079130247008565
-22.998940446695425 2.5637090519766903
-23.975815162839925 1.9848963744747536
-24.630497749027604 1.3307155113103346
-24.958899337941833 0.5550029103666382
-24.95889947533873 -0.5550021691458311
-24.63049816032189 -1.3307149254288584
-23.975815845404043 -1.9848958618827233
-22.99894139636709 -2.5637085955120096
-21.705598450033897 -3.0791298414092214
-20.102556747687196 -3.5346988490423215
-18.196630805240172 -3.930844427635382
-15.992918322769542 -4.266719043538038
-13.491436987339277 -4.541004173086681
-10.679791943999414 -4.752320542031519
-7.513405431437168 -4.899457579373403
-3.835664404589971 -4.981507864657765
1.5944784723312129 -4.997944769568513
5.759249737113455 -4.948661124813007
9.146173024275004 -4.833976610149026
12.1260134705899 -4.654615248360595
14.779746009414794 -4.411648707461963
17.131818003178008 -4.106393401022539
19.187064680044667 -3.7402353139289284
20.94234740704452 -3.3143258809260248
22.391419111118427 -2.8290155769861642
23.52732660883849 -2.2826661334261193
24.34372898379504 -1.6686463875673851
24.835664755035957 -0.9647275430905571
24.999999999999883 -1.3275768344328478e-05
