5.0 0.0
4.983539407851093 6.588832261421496
4.933936514706597 8.66539456043859
4.850497647207004 10.13508531040903
4.731957332056021 11.282981945502037
4.576281104476735 12.212479171185358
4.380304358523788 12.973456525730738
4.139060261119295 13.593663612527266
3.844443795909748 14.08986094739179
3.482242929399961 14.472652770864581
3.0242644835719616 14.748862394129635
2.3998443265264564 14.922792886372774
1.2627282905132078 14.996916816871748
-1.9584843617875278 14.972236164441977
-2.741058665715734 14.848420636101553
-3.2679947147571182 14.62376255070768
-3.673068849063459 14.294936058960023
-3.9991144465894273 13.85649192411554
-4.26575070617543 13.299925301214476
-4.483587322703573 12.611957192580306
-4.658926618716012 11.771187752957871
-4.7957210559722325 10.740898814296273
-4.896510508805217 9.45094370162916
-4.962912224594306 7.738358870520614
-4.995888243139736 4.997512477873239
-4.9958882568907335 -4.997509140718244
-4.962912266031094 -7.7383571670154
-4.896510578504252 -9.450942481293733
-4.795721154984627 -10.740897858095499
-4.658926748730216 -11.771186977676253
-4.483587486342515 -12.611956557445973
-4.265750907547249 -13.299924783381002
-3.999114692374994 -13.856491509729716
-3.673069150906266 -14.294935739236488
-3.2679950954674664 -14.623762319985183
-2.741059180579137 -14.848420490806527
-1.9584852321602966 -14.972236102519872
1.2627266023693384 -14.996916837489735
2.399843690141809 -14.922792989805403
3.02426404671864 -14.748862581796137
3.4822425921509117 -14.472653045527858
3.844443524024614 -14.089861313575387
4.139060038605144 -13.593664077283
4.380304176657674 -12.973457100048615
4.576280958053659 -12.212479872723275
4.731957217803054 -11.282982804399614
4.850497563017477 -10.1350863836563
4.933936459237699 -8.665395977134128
4.983539380303517 -6.588834452243816
4.9999999999999885 -0.02444196341325266
