20.0 0.0
19.98351904740537 4.070514465309826
19.933606639897263 4.3590743354249915
19.848791472549138 4.533191249121463
19.72639383764332 4.656430903547826
19.562108709629868 4.749502805859168
19.349224632495357 4.821821341000614
19.07712528847355 4.87844394598988
18.7281928856323 4.922365592338981
18.270576913304172 4.955462856229319
17.63771971636917 4.978939171908365
16.64689584436341 4.993553617823388
14.178000007231121 4.999743048266066
-15.822223743198547 4.997684739403717
-17.20945342344024 4.987320234901514
-17.982821397213733 4.968347583039542
-18.515897238372958 4.94017966690985
-18.913785212255362 4.901855591666536
-19.221459567362793 4.851873732065563
-19.462288350456152 4.787875089109304
-19.64983744995194 4.706003667369068
-19.79251456329999 4.599465291102211
-19.895697414686147 4.454674578667925
-19.962808613198348 4.237497023893626
-19.995886974540294 3.7987058130555735
-19.995886988299777 -3.7987051788964137
-19.96280865486716 -4.2374967906853005
-19.895697485487123 -4.454674434867537
-19.792514665458988 -4.599465188736188
-19.649837587041347 -4.706003589881598
-19.462288528036513 -4.787875028830319
-19.221459794207988 -4.851873684838556
-18.913785502865654 -4.901855555018379
-18.515897618769465 -4.940179639286576
-17.9828219209482 -4.968347563442848
-17.209454231569346 -4.98732022270101
-15.822225501092388 -4.997684734236366
14.177995268579906 -4.999743049984497
16.64689474076787 -4.993553626476198
17.637719079429438 -4.978939187746538
18.270576470935914 -4.955462879740621
18.72819255451045 -4.922365624321012
19.07712503207897 -4.878443987687336
19.34922443165496 -4.821821394364537
19.562108553152143 -4.749502874067192
19.726393718570026 -4.6564309921635205
19.848791386420842 -4.533191369131181
19.933606583872262 -4.359074513590011
19.98351901978958 -4.070514803676796
19.99999999999999 -1.0045723305454355
