5.0 0.0
4.995879761851342 8.141028930619653
4.983401659974316 8.718148670849983
4.9621978681372845 9.066382498242927
4.93159845941083 9.312861807095652
4.890527177407467 9.499005611718337
4.837306158123839 9.643642682001229
4.769281322118387 9.75688789197976
4.682048221408075 9.844731184677961
4.567644228326043 9.910925712458639
4.409429929092292 9.95787834381673
4.1617239610908525 9.987107235646777
3.5445000018077804 9.999486096532133
-3.955555935799637 9.995369478807435
-4.30236335586006 9.974640469803028
-4.495705349303433 9.936695166079083
-4.628974309593239 9.8803593338197
-4.728446303063841 9.803711183333071
-4.805364891840698 9.703747464131126
-4.865572087614038 9.575750178218607
-4.912459362487985 9.412007334738137
-4.948128640824997 9.198930582204422
-4.973924353671537 8.90934915733585
-4.990702153299587 8.474994047787252
-4.998971743635074 7.597411626111147
-4.998971747074944 -7.597410357792827
-4.99070216371679 -8.474993581370601
-4.973924371371781 -8.909348869735075
-4.948128666364747 -9.198930377472376
-4.912459396760337 -9.412007179763195
-4.865572132009128 -9.575750057660638
-4.805364948551997 -9.703747369677112
-4.7284463757164135 -9.803711110036758
-4.628974404692366 -9.880359278573152
-4.49570548023705 -9.936695126885695
-4.3023635578923365 -9.97464044540202
-3.955556375273097 -9.995369468472733
3.5444988171449765 -9.999486099968994
4.1617236851919674 -9.987107252952397
4.4094297698573595 -9.957878375493076
4.567644117733979 -9.910925759481241
4.6820481386276125 -9.844731248642024
4.769281258019743 -9.756887975374672
4.83730610791374 -9.643642788729075
4.890527138288036 -9.499005748134383
4.931598429642507 -9.312861984327041
4.962197846605211 -9.066382738262362
4.9834016459680655 -8.718149027180022
4.995879754947395 -8.141029607353593
4.999999999999997 -2.009144661090871
