120 -1.284388e+01 -1.198406e+01
-1.151575e+01 -1.130115e+01 -1.129554e+01
-1.148360e+01 -1.186577e+01 -1.245645e+01
-1.328982e+01 -1.443996e+01 -1.609623e+01
-1.914508e+01 -2.836273e+01 -3.068128e+01
-3.229374e+01 -3.360305e+01 -3.473732e+01
-3.575749e+01 -3.670037e+01 -3.759403e+01
-3.846677e+01 -3.935804e+01 -4.034640e+01
-4.170063e+01 -4.641248e+01 -4.765257e+01
-4.828668e+01 -4.861948e+01 -4.872638e+01
-4.863435e+01 -4.835013e+01 -4.786650e+01
-4.716048e+01 -4.618212e+01 -4.481709e+01
-4.270972e+01 -3.373406e+01 -3.033442e+01
-2.846119e+01 -2.702420e+01 -2.581258e+01
-2.474096e+01 -2.376326e+01 -2.284831e+01
-2.196901e+01 -2.109332e+01 -2.016819e+01
-1.906204e+01 -1.670919e+01 -1.284388e+01
8.957794e+00 1.009080e+01 1.102350e+01
1.190070e+01 1.277842e+01 1.368959e+01
1.466135e+01 1.572422e+01 1.692254e+01
1.833695e+01 2.016092e+01 2.328332e+01
3.248136e+01 3.468686e+01 3.609128e+01
3.709451e+01 3.781959e+01 3.831959e+01
3.861902e+01 3.872617e+01 3.863550e+01
3.832216e+01 3.771693e+01 3.655659e+01
3.185204e+01 3.043276e+01 2.943052e+01
2.853534e+01 2.766283e+01 2.677189e+01
2.583384e+01 2.482089e+01 2.369731e+01
2.240499e+01 2.082436e+01 1.859657e+01
9.593991e+00 6.260577e+00 4.547607e+00
3.367177e+00 2.512414e+00 1.904264e+00
1.506463e+00 1.303367e+00 1.293478e+00
1.490619e+00 1.936114e+00 2.754261e+00
5.006677e+00 8.957794e+00 