22.0 0.0
21.94565766172385 5.395576994483577
21.78162843974021 6.6263262133562995
21.50477491511466 7.452502187705127
21.10939529283361 8.076988706024688
20.586366386754037 8.571057975527863
19.92156227814602 8.968572667355412
19.092882049612115 9.288251037301464
18.06426578933837 9.541388642702483
16.772178527326997 9.735150338628525
15.088984224380122 9.874166554289367
12.686227072528673 9.96137155252134
7.837501023309944 9.998458368824073
-10.892692875196422 9.986114867947393
-14.016317465053175 9.92411417805202
-15.992125403813704 9.811285211894091
-17.456894178895727 9.64535504292816
-18.606644167230918 9.422616711157609
-19.529529525469915 9.137312054184042
-20.272831092273226 8.780483309647446
-20.86457679312822 8.337709717892235
-21.32237677915306 7.784164849969862
-21.657593387844376 7.071929748349327
-21.87749650996264 6.087208893116987
-21.986429807093067 4.3852763930788825
-21.986429852480693 -4.385274196834005
-21.877496646958793 -6.08720788809843
-21.657593619056993 -7.07192906348704
-21.3223771093192 -7.784164330235108
-20.86457722982076 -8.337709306034489
-20.272831647201297 -8.780482978010589
-19.529530216912722 -9.137311787362654
-18.606645024904147 -9.422616499816304
-17.456895254815777 -9.645354881130636
-15.992126801085135 -9.811285095797896
-14.016319439606516 -9.92411410521981
-10.892696505823853 -9.986114836971998
7.837493164831036 -9.998458379133595
12.686224549452389 -9.961371604304418
15.088982589683562 -9.87416664851953
16.772177309060183 -9.73515047719443
18.064264831188318 -9.541388828681963
19.092881279793083 -9.288251275469484
19.921561657802634 -8.968572965125608
20.5863658927417 -8.571058344796995
21.10939491056933 -8.076989167159828
21.50477463517274 -7.452502779587973
21.781628256083167 -6.626327025854205
21.945657570741876 -5.395578340027395
21.99999999999996 -0.08110238446769957
