120 6.477786e+01 6.404045e+01
6.286519e+01 6.137945e+01 5.974422e+01
5.813670e+01 5.673111e+01 5.567975e+01
5.509655e+01 5.504472e+01 5.552988e+01
5.649943e+01 5.784833e+01 5.943040e+01
6.107419e+01 6.260158e+01 6.384704e+01
6.467562e+01 6.499752e+01 6.477786e+01
-2.911573e+01 -2.823282e+01 -2.754142e+01
-2.711643e+01 -2.700393e+01 -2.721609e+01
-2.772994e+01 -2.848978e+01 -2.941328e+01
-3.040036e+01 -3.134405e+01 -3.214210e+01
-3.270801e+01 -3.298047e+01 -3.292995e+01
-3.256192e+01 -3.191627e+01 -3.106297e+01
-3.009447e+01 -2.911573e+01 