120 3.198508e+01 3.084046e+01
2.923506e+01 2.727247e+01 2.505292e+01
2.268008e+01 2.026134e+01 1.790661e+01
1.572695e+01 1.383493e+01 1.235070e+01
1.143792e+01 1.105037e+01 1.038024e+01
9.619752e+00 8.866571e+00 8.182862e+00
7.612998e+00 7.188022e+00 6.926701e+00
6.835175e+00 6.905317e+00 7.110245e+00
7.387510e+00 7.656977e+00 8.522476e+00
9.911365e+00 1.170780e+01 1.381157e+01
1.612098e+01 1.853038e+01 2.093095e+01
2.321208e+01 2.526220e+01 2.696643e+01
2.819249e+01 2.871104e+01 2.926457e+01
2.999605e+01 3.076215e+01 3.148708e+01
3.211853e+01 3.261906e+01 3.296379e+01
3.314014e+01 3.314881e+01 3.300639e+01
3.275355e+01 3.250285e+01 3.198508e+01
1.162035e+01 1.125806e+01 1.050782e+01
9.379351e+00 7.909684e+00 6.156579e+00
4.195418e+00 2.117265e+00 2.829606e-02
-1.947636e+00 -3.656577e+00 -4.850584e+00
-5.625596e+00 -7.376549e+00 -9.746220e+00
-1.252191e+01 -1.553442e+01 -1.862918e+01
-2.166046e+01 -2.449153e+01 -2.699652e+01
-2.906236e+01 -3.058903e+01 -3.148229e+01
-3.166574e+01 -3.148686e+01 -3.093159e+01
-2.998908e+01 -2.868400e+01 -2.706423e+01
-2.519667e+01 -2.316469e+01 -2.106687e+01
-1.901756e+01 -1.715286e+01 -1.565691e+01
-1.490107e+01 -1.359354e+01 -1.150095e+01
-8.905631e+00 -5.991547e+00 -2.919175e+00
1.615308e-01 3.109169e+00 5.792170e+00
8.090873e+00 9.898916e+00 1.112121e+01
1.164844e+01 1.162035e+01 