20.0 0.0
19.93415763140437 4.392554840947664
19.73574605882639 5.776929706959061
19.401990588828017 6.756723540272686
18.927829328224085 7.521987963668025
18.30512441790694 8.141652780790238
17.521217434095153 8.648971017153825
16.55624104447718 9.06244240835151
15.377775183638992 9.393240631594526
13.928971717599843 9.648435180576387
12.097057934287847 9.832574929419756
9.599377306105826 9.948528590915181
5.050913162052831 9.997944544581166
-7.833937447150111 9.98149077629465
-10.964234662862935 9.898947090734367
-13.071978859028473 9.74917503380512
-14.692275396253835 9.529957372640014
-15.996457786357709 9.237661282743693
-17.06300282470172 8.866616867476317
-17.934349290814293 8.407971461720203
-18.635706474864048 7.847458501971914
-19.18288422388893 7.160599209530848
-19.586042035220867 6.300629134419441
-19.851648898377224 5.158905913680409
-19.983552972558943 3.331674985248826
-19.983553027562934 -3.3316727604788294
-19.851649064124377 -5.1589047780102675
-19.586042314017007 -6.300628320862489
-19.18288461993851 -7.160598572063666
-18.635706994920863 -7.847457985117502
-17.93434994537006 -8.407971038297315
-17.063003630188994 -8.866616522254002
-15.996458769499975 -9.237661006486476
-14.692276603625064 -9.52995715949099
-13.071980381869865 -9.749174879990122
-10.964236722316548 -9.898946993871018
-7.833940928641186 -9.981490735013248
5.050906409477354 -9.997944558326491
9.599374760567237 -9.94852865987027
12.09705618687456 -9.832575054530757
13.928970368603647 -9.648435363685238
15.377774096098456 -9.393240875716925
16.556240154420575 -9.062442718188667
17.521216706630696 -8.648971400032408
18.305123832214637 -8.141653248482184
18.927828871212217 -7.521988536266409
19.401990252069908 -6.756724255770868
19.735745836950795 -5.776930651422752
19.93415752121407 -4.392556301495877
19.999999999999954 -0.016294642275501772
