120 296 38
153 15 1
244 189 155
144 133 1
67 37 34
286 286 45
26 67 164
199 161 159
205 207 217
173 177 181
195 165 166
172 212 159
160 151 149
80 83 113
98 96 141
103 132 110
94 56 55
85 299 65
64 50 46
38 28 35
17 47 13
239 54 297
283 247 247
53 298 296
237 245 259
279 262 195
196 197 190
191 192 193
198 199 203
204 205 206
208 150 150
150 150 150
150 224 215
216 217 210
212 213 214
178 183 184
185 187 188
189 176 178
179 171 172
174 175 157
161 162 164
167 168 169
154 155 156
151 153 148
146 145 144
143 140 139
138 137 130
129 128 136
135 134 131
126 125 115
115 122 121
120 116 113
112 119 118
117 116 93
92 91 89
88 87 86
80 78 77
85 84 82
81 97 95
94 105 101
100 99 111
110 108 107
106 105 104
47 45 44
43 42 41
40 51 50
49 57 54
53 52 231
70 69 76
75 74 73
66 63 62
61 60 59
58 28 33
29 28 39
32 25 24
23 22 21
20 48 52
55 19 16
58 60 61
63 65 68
74 234 226
226 249 245
242 239 281
257 256 284
285 251 249
263 263 261
263 271 272
273 275 264
265 266 267
268 269 240
241 242 236
237 238 239
225 226 228
229 230 232
234 243 244
246 247 249
251 253 259
260 261 262
254 255 256
257 297 22
154 45 70
290 170 208
91 106 71
2 23 35
251 287 16
27 68 196
200 201 202
157 157 218
174 182 182
165 166 167
173 154 160
201 218 78
149 147 126
138 140 95
135 107 129
141 7 56
146 74 3
3 11 14
39 32 36
18 48 48
240 55 232
254 248 288
9 231 235
238 290 280
280 276 164
164 198 169
168 167 194
162 162 204
158 158 157
156 219 220
221 222 223
75 75 216
151 151 154
213 214 215
181 176 175
186 172 171
169 183 180
180 188 187
184 184 207
200 199 197
192 191 190
210 209 208
219 214 82
87 89 89
92 97 97
100 101 131
111 112 101
136 135 108
113 126 125
124 123 122
121 123 127
128 121 122
123 124 142
143 144 145
145 146 146
148 149 149
147 147 148
148 140 141
142 133 137
138 138 129
130 131 132
133 134 135
14 15 17
18 18 42
41 11 12
12 7 9
10 11 298
1 1 149
224 1 1
2 4 4
5 6 6
7 31 34
30 29 40
33 26 25
24 23 22
21 13 10
8 20 17
6 5 4
3 2 1
299 235 227
298 287 246
243 293 258
258 281 285
252 252 250
275 276 278
264 268 266
274 264 265
266 272 271
271 270 241
292 292 295
295 294 294
74 299 298
298 298 297
297 291 291
289 289 288
286 254 260
278 277 277
283 282 282
281 234 37
212 46 71
291 188 209
143 132 72
66 36 25
285 250 44
33 2 197
161 160 203
158 206 151
185 176 177
194 194 193
186 211 202
202 219 79
79 148 127
139 141 96
102 131 130
142 8 8
147 225 64
63 12 15
21 27 24
43 14 49
293 9 233
255 288 289
10 297 236
295 244 258
259 277 165
195 163 189
190 168 166
163 198 159
159 204 205
207 220 221
222 223 224
149 150 152
152 216 155
153 153 152
177 182 183
173 186 187
170 175 181
178 170 171
185 174 156
201 161 163
193 192 168
211 210 155
150 152 83
145 144 90
142 139 98
137 136 109
128 127 102
102 104 109
114 114 114
125 117 118
119 124 112
111 118 117
116 115 92
91 90 88
87 86 85
149 77 76
84 83 81
80 96 94
93 134 100
99 98 110
109 107 106
105 104 103
46 16 43
42 19 19
19 50 49
13 56 53
52 51 230
69 68 75
225 73 72
65 62 61
60 59 58
57 32 26
31 31 20
27 34 35
36 37 38
39 14 11
9 40 44
7 6 5
4 3 2
1 296 298
299 288 290
292 294 280
281 282 253
253 285 287
276 262 260
275 270 267
265 274 274
273 273 272
267 268 293
293 241 296
236 295 238
75 225 227
228 229 231
233 292 243
290 246 248
250 284 279
279 278 261
284 283 255
256 