2.0 0.0
1.9835800282059135 0.12787715951512554
1.9345897282973725 0.25365457967790483
1.8538335196170592 0.37526699879693204
1.7426374168337018 0.4907175443804621
1.6028272568186153 0.5981105217264016
1.4366987184557736 0.6956825411758473
1.2469796276592882 0.781831472921547
1.0367851665488368 0.8551427539341458
0.8095667222471263 0.9144126150472286
0.569055215200687 0.9586678468130789
0.3191998375713742 0.9871817795743609
0.06410320761246242 0.9994862153593957
-0.19204599520735605 0.995379115679651
-0.4450418082027029 0.9749279189960236
-0.6907300472601716 0.9384684333812141
-0.9250765184243007 0.8865993225606444
-1.1442332592485311 0.8201722758709727
-1.3446017222300441 0.7402780235452082
-1.5228918628582604 0.6482284269530489
-1.6761761620528997 0.5455349378741959
-1.801937695944711 0.4338837805027591
-1.8981114636944083 0.31510826369355616
-1.9631182947482113 0.191158678082421
-1.9958907787737936 0.06407027236897768
-1.9958907925078326 -0.06407016540960372
-1.963118335724816 -0.19115857287931654
-1.8981115312407444 -0.31510816197415314
-1.8019377889516686 -0.4338836839372886
-1.6761762789933086 -0.5455348480482586
-1.522892001811961 -0.6482283453415852
-1.3446018809154212 -0.7402779514882757
-1.1442334350599743 -0.8201722145517445
-0.9250767084749927 -0.8865992729859801
-0.6907302484294838 -0.9384683963651285
-0.445042017187442 -0.9749278951463196
-0.1920462085759991 -0.99537910538794
0.06410299336342472 -0.9994862187946676
0.3191996259599028 -0.9871817966802086
0.5690550097014364 -0.9586678773086248
0.8095665262343889 -0.9144126584317368
1.0367849832411375 -0.8551428094952436
1.2469794600665343 -0.7818315397469225
1.4366985693298318 -0.6956826181682303
1.602827128608129 -0.5981106076215794
1.7426373116438845 -0.4907176377680384
1.8538334391751252 -0.37526709814348463
1.9345896739241755 -0.25365468335216695
1.9835800007942601 -0.1278772658147679
1.9999999999999885 -1.0717958634011435e-07

