18.0 0.0
17.98516714266483 4.070514465309826
17.940245975907537 4.3590743354249915
17.863912325294223 4.533191249121463
17.75375445387899 4.656430903547826
17.60589783866688 4.749502805859168
17.414302169245822 4.821821341000614
17.169412759626194 4.87844394598988
16.855373597069068 4.922365592338981
16.443519221973755 4.955462856229319
15.873947744732252 4.978939171908365
14.982206259927068 4.993553617823388
12.76020000650801 4.999743048266066
-14.240001368878692 4.997684739403717
-15.488508081096217 4.987320234901514
-16.18453925749236 4.968347583039542
-16.66430751453566 4.94017966690985
-17.022406691029826 4.901855591666536
-17.299313610626513 4.851873732065563
-17.516059515410536 4.787875089109304
-17.684853704956744 4.706003667369068
-17.81326310696999 4.599465291102211
-17.906127673217533 4.454674578667925
-17.966527751878512 4.237497023893626
-17.996298277086265 3.7987058130555735
-17.9962982894698 -3.7987051788964137
-17.966527789380446 -4.2374967906853005
-17.90612773693841 -4.454674434867537
-17.81326319891309 -4.599465188736188
-17.68485382833721 -4.706003589881598
-17.51605967523286 -4.787875028830319
-17.299313814787187 -4.851873684838556
-17.02240695257909 -4.901855555018379
-16.664307856892517 -4.940179639286576
-16.18453972885338 -4.968347563442848
-15.48850880841241 -4.98732022270101
-14.24000295098315 -4.997684734236366
12.760195741721915 -4.999743049984497
14.982205266691084 -4.993553626476198
15.873947171486494 -4.978939187746538
16.443518823842325 -4.955462879740621
16.855373299059405 -4.922365624321012
17.169412528871074 -4.878443987687336
17.414301988489463 -4.821821394364537
17.60589769783693 -4.749502874067192
17.753754346713023 -4.6564309921635205
17.863912247778757 -4.533191369131181
17.940245925485033 -4.359074513590011
17.985167117810622 -4.070514803676796
17.99999999999999 -1.0045723305454355
