70.0 0.0
69.9942295264532 39.18572813999063
69.97672753718773 39.455033676462065
69.94689609434273 39.60986799531673
69.90364315909281 39.71625653104566
69.84520674975565 39.794935557001935
69.76882309767451 39.8551182825233
69.67008391732593 39.901674619139634
69.54159186250612 39.937454206611115
69.36977191141088 39.964226657948664
69.12565892308722 39.98311931585872
68.7271550415349 39.9948398997926
67.632670754765 39.99979443385896
-68.37885001260085 39.99814740545867
-68.9559503316255 39.98984459339097
-69.25973468327274 39.97460564085028
-69.4623571446126 39.95188411415581
-69.61020066951649 39.92078219966522
-69.72261650899163 39.879888912890934
-69.80948445143592 39.826970469381045
-69.87646667907171 39.758337591315744
-69.92703883239876 39.66739907854289
-69.9634081387416 39.54072146615627
-69.98697210907936 39.34358509746743
-69.99856030785054 38.91585325109594
-69.99856031266725 -38.91585260143135
-69.9869721236879 -39.34358488094217
-69.96340816363883 -39.540721338515716
-69.92703886849159 -39.667398990258846
-69.87646672782185 -39.758337525851005
-69.8094845151324 -39.82697041923919
-69.72261659127592 -39.87988887407278
-69.61020077647255 -39.92078216981891
-69.46235728731828 -39.9518840918165
-69.25973488498586 -39.97460562508306
-68.95595065543189 -39.98984458360823
-68.37885077230919 -39.99814740132307
67.63266849430735 -39.99979443523377
68.72715458591252 -39.994839906722895
69.12565867345812 -39.98311932857749
69.36977174345239 -39.96422667690978
69.54159173955384 -39.93745423255963
69.67008382369006 -39.90167465324474
69.76882302525611 -39.85511832663165
69.84520669388631 -39.79493561415178
69.90364311689727 -39.71625660662894
69.94689606399123 -39.609868100178154
69.9767275175202 -39.455033837723526
69.99422951678049 -39.18572846572724
69.99999999999999 -34.06913538650794
