25.0 0.0
24.69275830746423 0.45728764876291467
23.783640489821025 1.2775092745051522
22.310079142302587 2.298849610911768
20.333192264499996 3.43753697355385
17.935979297899017 4.625643554679691
15.221013520421355 5.8025201421070784
12.307902653862888 6.913050408940111
9.330999749125546 7.907841028740808
6.438341179876001 8.744063710763776
3.794255977276906 9.386468832554687
1.5940025348731495 9.808344166714715
0.1434546589380057 9.992294220380682
-0.743880026482307 9.930766869113857
-2.6241957777213436 9.626286013742519
-5.074082661370843 9.091373573217197
-7.864325873439117 8.348166315869465
-10.818495429829326 7.427755972716925
-13.781151591658421 6.369308508002279
-16.61110847896262 5.21905782322372
-19.18114397367213 4.029339434554025
-21.379850851349378 2.8579861732632694
-23.11413169355272 1.768844636270216
-24.311666003300225 0.8357781785129477
-24.92299169142848 0.16217535427818208
-24.92299194867703 -0.1621749481732956
-24.311666764494447 -0.8357774885643054
-23.11413292736455 -1.7688437797750367
-21.37985250662989 -2.85798521915029
-19.1811459809649 -4.029338439367965
-16.61111075244155 -5.219056837610662
-13.781154031266299 -6.369307578041896
-10.818497923222196 -7.427755139725609
-7.864328296947801 -8.348165615681351
-5.074084878046802 -9.091373035329536
-2.624197626144091 -9.626285660510142
-0.7438812661909177 -9.930766715095283
0.14345393974629683 -9.99229427189652
1.5940009497728787 -9.808344421652627
3.7942539219841978 -9.386469280434774
6.438338841594112 -8.744064333059832
9.330997274489418 -7.907841799433771
12.307900172609163 -6.913051295257462
15.221011150563408 -5.8025211053694274
17.935977145844976 -4.625644551118833
20.333190423458888 -3.4375379548411464
22.31007769017713 -2.298850523792995
23.783639487133573 -1.2775100577248664
24.692757795609914 -0.4572882189529761
24.999999999999783 -3.5088767582635095e-10
