120 5.477786e+01 5.404045e+01
5.286519e+01 5.137945e+01 4.974422e+01
4.813670e+01 4.673111e+01 4.567975e+01
4.509655e+01 4.504472e+01 4.552988e+01
4.649943e+01 4.784833e+01 4.943040e+01
5.107419e+01 5.260158e+01 5.384704e+01
5.467562e+01 5.499752e+01 5.477786e+01
-1.911573e+01 -1.823282e+01 -1.754142e+01
-1.711643e+01 -1.700393e+01 -1.721609e+01
-1.772994e+01 -1.848978e+01 -1.941328e+01
-2.040036e+01 -2.134405e+01 -2.214210e+01
-2.270801e+01 -2.298047e+01 -2.292995e+01
-2.256192e+01 -2.191627e+01 -2.106297e+01
-2.009447e+01 -1.911573e+01 