8.0 0.0
7.934320112823654 1.0230172761210043
7.73835891318949 2.0292366374232387
7.415334078468237 3.0021359903754563
6.970549667334807 3.925740355043697
6.411309027274461 4.7848841738112124
5.746794873823094 5.565460329406778
4.987918510637153 6.254651783372376
4.147140666195347 6.841142031473167
3.2382668889885053 7.315300920377829
2.276220860802748 7.669342774504631
1.2767993502854968 7.897454236594887
0.2564128304498497 7.995889722875166
-0.7681839808294242 7.963032925437208
-1.7801672328108116 7.799423351968189
-2.7629201890406865 7.507747467049713
-3.700306073697203 7.0927945804851555
-4.576933036994125 6.561378206967782
-5.378406888920177 5.922224188361666
-6.091567451433042 5.1858274156243915
-6.704704648211599 4.3642795029935675
-7.207750783778844 3.471070244022073
-7.592445854777633 2.5208661095484493
-7.852473178992845 1.529269424659368
-7.9835631150951745 0.5125621789518214
-7.9835631700313305 -0.5125613232768298
-7.852473342899264 -1.5292685830345323
-7.5924461249629775 -2.520865295793225
-7.207751155806674 -3.471069471498309
-6.704705115973234 -4.364278784386069
-6.091568007247844 -5.185826762732682
-5.378407523661685 -5.9222236119062055
-4.576933740239897 -6.561377716413956
-3.7003068338999707 -7.0927941838878406
-2.7629209937179353 -7.507747170921028
-1.780168068749768 -7.799423161170557
-0.7681848343039964 -7.96303284310352
0.25641197345369887 -7.995889750357341
1.2767985038396112 -7.8974543734416685
2.2762200388057456 -7.669343018468998
3.2382661049375554 -7.315301267453894
4.14713993296455 -6.841142475961949
4.987917840266137 -6.25465231797538
5.746794277319327 -5.565460945345842
6.411308514432516 -4.784884860972635
6.970549246575538 -3.925741102144307
7.415333756700501 -3.002136785147877
7.738358695696702 -2.0292374668173356
7.9343200031770404 -1.0230181265181433
7.999999999999954 -8.574366907209148e-07

