120 6.999985e+01 6.999939e+01
6.999861e+01 6.999753e+01 6.999614e+01
6.999443e+01 6.999241e+01 6.999008e+01
6.998743e+01 6.998445e+01 6.998116e+01
6.997753e+01 6.997358e+01 6.996930e+01
6.996467e+01 6.995971e+01 6.995440e+01
6.994874e+01 6.994272e+01 6.993634e+01
6.992959e+01 6.992246e+01 6.991495e+01
6.990704e+01 6.989873e+01 6.989001e+01
6.988087e+01 6.987130e+01 6.986128e+01
6.985080e+01 6.983986e+01 6.982843e+01
6.981649e+01 6.980404e+01 6.979105e+01
6.977750e+01 6.976337e+01 6.974864e+01
6.973327e+01 6.971725e+01 6.970055e+01
6.968312e+01 6.966493e+01 6.964594e+01
6.962611e+01 6.960539e+01 6.958373e+01
6.956105e+01 6.953731e+01 6.951241e+01
6.948628e+01 6.945882e+01 6.942992e+01
6.939946e+01 6.936730e+01 6.933326e+01
6.929717e+01 6.925879e+01 6.921785e+01
6.917405e+01 6.912698e+01 6.907619e+01
6.902107e+01 6.896089e+01 6.889468e+01
6.882116e+01 6.873859e+01 6.864451e+01
6.853529e+01 6.840517e+01 6.824434e+01
6.803376e+01 6.772811e+01 6.716018e+01
-6.640267e+01 -6.749453e+01 -6.789386e+01
-6.814433e+01 -6.832733e+01 -6.847159e+01
-6.859064e+01 -6.869193e+01 -6.878004e+01
-6.885795e+01 -6.892773e+01 -6.899087e+01
-6.904848e+01 -6.910141e+01 -6.915032e+01
-6.919575e+01 -6.923811e+01 -6.927777e+01
-6.931501e+01 -6.935007e+01 -6.938317e+01
-6.941449e+01 -6.944417e+01 -6.947236e+01
-6.949916e+01 -6.952468e+01 -6.954900e+01
-6.957222e+01 -6.959439e+01 -6.961559e+01
-6.963587e+01 -6.965529e+01 -6.967388e+01
-6.969169e+01 -6.970877e+01 -6.972514e+01
-6.974083e+01 -6.975588e+01 -6.977032e+01
-6.978416e+01 -6.979744e+01 -6.981017e+01
-6.982236e+01 -6.983405e+01 -6.984525e+01
-6.985596e+01 -6.986621e+01 -6.987601e+01
-6.988537e+01 -6.989431e+01 -6.990283e+01
-6.991094e+01 -6.991865e+01 -6.992598e+01
-6.993292e+01 -6.993949e+01 -6.994570e+01
-6.995154e+01 -6.995703e+01 -6.996217e+01
-6.996697e+01 -6.997142e+01 -6.997555e+01
-6.997934e+01 -6.998280e+01 -6.998594e+01
-6.998876e+01 -6.999126e+01 -6.999344e+01
-6.999530e+01 -6.999686e+01 -6.999810e+01
-6.999903e+01 -6.999965e+01 -6.999996e+01
-6.999996e+01 -6.999966e+01 -6.999904e+01
-6.999811e+01 -6.999687e+01 -6.999533e+01
-6.999346e+01 -6.999129e+01 -6.998879e+01
-6.998598e+01 -6.998284e+01 -6.997939e+01
-6.997560e+01 -6.997148e+01 -6.996703e+01
-6.996224e+01 -6.995710e+01 -6.995161e+01
-6.994578e+01 -6.993958e+01 -6.993301e+01
-6.992607e+01 -6.991875e+01 -6.991104e+01
-6.990294e+01 -6.989442e+01 -6.988550e+01
-6.987614e+01 -6.986635e+01 -6.985610e+01
-6.984539e+01 -6.983420e+01 -6.982252e+01
-6.981033e+01 -6.979761e+01 -6.978434e+01
-6.977051e+01 -6.975608e+01 -6.974104e+01
-6.972535e+01 -6.970899e+01 -6.969192e+01
-6.967412e+01 -6.965554e+01 -6.963614e+01
-6.961587e+01 -6.959468e+01 -6.957252e+01
-6.954932e+01 -6.952501e+01 -6.949950e+01
-6.947272e+01 -6.944456e+01 -6.941490e+01
-6.938360e+01 -6.935053e+01 -6.931549e+01
-6.927828e+01 -6.923866e+01 -6.919633e+01
-6.915095e+01 -6.910208e+01 -6.904921e+01
-6.899167e+01 -6.892861e+01 -6.885893e+01
-6.878114e+01 -6.869318e+01 -6.859209e+01
-6.847332e+01 -6.832946e+01 -6.814711e+01
-6.789787e+01 -6.750171e+01 -6.643798e+01
6.714828e+01 6.772297e+01 6.803048e+01
6.824192e+01 6.840326e+01 6.853371e+01
6.864317e+01 6.873742e+01 6.882012e+01
6.889375e+01 6.896005e+01 6.902031e+01
6.907548e+01 6.912633e+01 6.917344e+01
6.921729e+01 6.925826e+01 6.929667e+01
6.933280e+01 6.936686e+01 6.939905e+01
6.942953e+01 6.945845e+01 6.948592e+01
6.951207e+01 6.953698e+01 6.956075e+01
6.958343e+01 6.960511e+01 6.962585e+01
6.964569e+01 6.966468e+01 6.968288e+01
6.970032e+01 6.971704e+01 6.973307e+01
6.974844e+01 6.976318e+01 6.977731e+01
6.979087e+01 6.980387e+01 6.981633e+01
6.982827e+01 6.983971e+01 6.985066e+01
6.986114e+01 6.987117e+01 6.988075e+01
6.988989e+01 6.989862e+01 6.990693e+01
6.991484e+01 6.992236e+01 6.992950e+01
6.993625e+01 6.994264e+01 6.994866e+01
6.995433e+01 6.995964e+01 6.996461e+01
6.996924e+01 6.997353e+01 6.997748e+01
6.998111e+01 6.998441e+01 6.998739e+01
6.999005e+01 6.999239e+01 6.999441e+01
6.999612e+01 6.999752e+01 6.999860e+01
6.999938e+01 6.999984e+01 7.000000e+01
6.999985e+01 3.848184e+01 3.875071e+01
3.890844e+01 3.902055e+01 3.910759e+01
3.917872e+01 3.923885e+01 3.929090e+01
3.933674e+01 3.937769e+01 3.941465e+01
3.944831e+01 3.947919e+01 3.950768e+01
3.953411e+01 3.955874e+01 3.958177e+01
3.960338e+01 3.962371e+01 3.964290e+01
3.966104e+01 3.967823e+01 3.969454e+01
3.971005e+01 3.972481e+01 3.973887e+01
3.975229e+01 3.976511e+01 3.977736e+01
3.978908e+01 3.980029e+01 3.981103e+01
3.982132e+01 3.983118e+01 3.984063e+01
3.984970e+01 3.985839e+01 3.986672e+01
3.987472e+01 3.988238e+01 3.988973e+01
3.989678e+01 3.990353e+01 3.991000e+01
3.991619e+01 3.992211e+01 3.992777e+01
3.993319e+01 3.993835e+01 3.994328e+01
3.994797e+01 3.995243e+01 3.995668e+01
3.996070e+01 3.996450e+01 3.996810e+01
3.997149e+01 3.997468e+01 3.997767e+01
3.998046e+01 3.998305e+01 3.998546e+01
3.998767e+01 3.998969e+01 3.999153e+01
3.999319e+01 3.999466e+01 3.999595e+01
3.999707e+01 3.999800e+01 3.999875e+01
3.999933e+01 3.999973e+01 3.999995e+01
3.999999e+01 3.999986e+01 3.999956e+01
3.999907e+01 3.999841e+01 3.999757e+01
3.999655e+01 3.999535e+01 3.999397e+01
3.999241e+01 3.999066e+01 3.998873e+01
3.998661e+01 3.998431e+01 3.998181e+01
3.997912e+01 3.997624e+01 3.997315e+01
3.996987e+01 3.996638e+01 3.996268e+01
3.995877e+01 3.995464e+01 3.995029e+01
3.994571e+01 3.994091e+01 3.993587e+01
3.993058e+01 3.992505e+01 3.991926e+01
3.991321e+01 3.990688e+01 3.990028e+01
3.989339e+01 3.988620e+01 3.987869e+01
3.987087e+01 3.986271e+01 3.985420e+01
3.984533e+01 3.983608e+01 3.982643e+01
3.981637e+01 3.980586e+01 3.979490e+01
3.978344e+01 3.977147e+01 3.975895e+01
3.974584e+01 3.973211e+01 3.971771e+01
3.970260e+01 3.968671e+01 3.966998e+01
3.965234e+01 3.963370e+01 3.961397e+01
3.959303e+01 3.957074e+01 3.954696e+01
3.952149e+01 3.949409e+01 3.946448e+01
3.943230e+01 3.939711e+01 3.935831e+01
3.931511e+01 3.926644e+01 3.921075e+01
3.914572e+01 3.906763e+01 3.896997e+01
3.883953e+01 3.864243e+01 3.822364e+01
-3.821348e+01 -3.863901e+01 -3.883747e+01
-3.896849e+01 -3.906648e+01 -3.914478e+01
-3.920995e+01 -3.926575e+01 -3.931450e+01
-3.935777e+01 -3.939662e+01 -3.943186e+01
-3.946407e+01 -3.949371e+01 -3.952114e+01
-3.954663e+01 -3.957044e+01 -3.959274e+01
-3.961370e+01 -3.963344e+01 -3.965209e+01
-3.966975e+01 -3.968649e+01 -3.970239e+01
-3.971752e+01 -3.973192e+01 -3.974566e+01
-3.975878e+01 -3.977130e+01 -3.978328e+01
-3.979475e+01 -3.980572e+01 -3.981623e+01
-3.982630e+01 -3.983596e+01 -3.984521e+01
-3.985409e+01 -3.986260e+01 -3.987076e+01
-3.987859e+01 -3.988610e+01 -3.989329e+01
-3.990019e+01 -3.990680e+01 -3.991313e+01
-3.991918e+01 -3.992497e+01 -3.993051e+01
-3.993580e+01 -3.994084e+01 -3.994565e+01
-3.995023e+01 -3.995458e+01 -3.995871e+01
-3.996263e+01 -3.996633e+01 -3.996982e+01
-3.997311e+01 -3.997620e+01 -3.997909e+01
-3.998178e+01 -3.998428e+01 -3.998659e+01
-3.998870e+01 -3.999064e+01 -3.999238e+01
-3.999395e+01 -3.999533e+01 -3.999653e+01
-3.999755e+01 -3.999840e+01 -3.999906e+01
-3.999955e+01 -3.999986e+01 -3.999999e+01
-3.999995e+01 -3.999973e+01 -3.999933e+01
-3.999876e+01 -3.999801e+01 -3.999708e+01
-3.999597e+01 -3.999468e+01 -3.999321e+01
-3.999156e+01 -3.998972e+01 -3.998770e+01
-3.998549e+01 -3.998308e+01 -3.998049e+01
-3.997771e+01 -3.997472e+01 -3.997154e+01
-3.996815e+01 -3.996455e+01 -3.996075e+01
-3.995673e+01 -3.995249e+01 -3.994803e+01
-3.994334e+01 -3.993842e+01 -3.993326e+01
-3.992785e+01 -3.992219e+01 -3.991627e+01
-3.991008e+01 -3.990362e+01 -3.989687e+01
-3.988983e+01 -3.988248e+01 -3.987482e+01
-3.986683e+01 -3.985850e+01 -3.984981e+01
-3.984076e+01 -3.983131e+01 -3.982145e+01
-3.981117e+01 -3.980044e+01 -3.978923e+01
-3.977752e+01 -3.976528e+01 -3.975247e+01
-3.973906e+01 -3.972500e+01 -3.971025e+01
-3.969475e+01 -3.967845e+01 -3.966127e+01
-3.964315e+01 -3.962398e+01 -3.960366e+01
-3.958206e+01 -3.955905e+01 -3.953445e+01
-3.950804e+01 -3.947958e+01 -3.944874e+01
-3.941512e+01 -3.937820e+01 -3.933732e+01
-3.929154e+01 -3.923959e+01 -3.917959e+01
-3.910862e+01 -3.902184e+01 -3.891016e+01
-3.875328e+01 -3.848695e+01 -3.660241e+01
3.848184e+01 